0.06
1.45
5.13
2.76
0.96
0.78
1.03
2.12
1.16
1.78
0.44
0.03
0.57
0.36
3.3
0.03
2.1
4.67
0
1.53
4.61
1.06
1.32
2.74
0.59
0.45
0.64
7.11
0.93
0.04
0.02
2.93
2.34
1.94
1.19
1.41
2.98
2.11
7.74
4.29
7.78
3.75
2.37
1.42
0.32
1.14
1.23
1.37
1.18
1.81
0.97
0.55
2.77
0.65
1.38
8.28
1.22
3.85
2.62
2.78
1.56
1.16
1.22
2.93
1.13
1.12
0.48
1.37
2.26
1.31
1.06
0.38
1.76
0.56
0
4.64
1.03
3.08
1.6
4.49
1.25
0.87
0.72
0.49
3.92
0.94
3.33
4.17
1.44
1.84
2
2.24
0.2
2.27
1.44
2.67
0.6
2.76
0.05
2.06
3.19
4.69
1.7
0.02
0.1
1.11
1.02
0.88
2.33
0.31
0.45
2.96
8.12
1.76
5.96
0
6.34
0
0
3.03
1.85
1.77
1.48
0
1.32
2.24
1.26
5.39
1
1.61
4.71
2.64
2.11
1.51
0.84
1.05
1.16
2.45
1.66
0
0
0
0.8
0.33
0.34
1.02
1.23
0.09
0.43
1.56
0.8
1.38
0.53
0.59
2.33
0.03
0.31
8.49
0.32
0.21
0.02
1.23
0.99
0.55
0.78
0.27
0.27
0.07
9.47
2.64
1.02
0.88
0.49
0
1.12
0
0
0.01
0
0
0
0.01
1.84
0.04
1.68
2.37
0.09
1.23
3.9
1.17
1.7
2.15
4
4.46
0.05
0.01
4.12
0.39
0.15
1.82
3.43
0.62
4.17
2.26
1.01
0.54
0.77
0.33
1.15
1.53
0
0.3
0.32
0.56
0
0.19
1.42
0.59
1.48
0.92
0.33
0.06
0.46
0.72
0
0
0.2
0.08
1.3
1.07
1.03
0.03
1.15
1.43
4.86
4.71
1.34
1.87
0.82
0.94
0.09
1.28
0.43
0.51
0
0.01
0.01
0
1.75
1.03
1.26
1.36
0.14
0
1.96
2.21
0.62
0
0.5
0.11
0.12
0.22
1.28
0.19
0.22
1.19
1.69
0.43
